 &plot nbnd=   8, nks=    91 /
            0.500000  0.500000  0.500000
   -3.686   -1.013    4.599    4.599    7.146    9.119    9.119   13.437
            0.475000  0.475000  0.475000
   -3.719   -0.965    4.604    4.604    7.152    9.123    9.123   13.444
            0.450000  0.450000  0.450000
   -3.811   -0.828    4.617    4.617    7.167    9.137    9.137   13.464
            0.425000  0.425000  0.425000
   -3.947   -0.618    4.639    4.639    7.193    9.158    9.158   13.494
            0.400000  0.400000  0.400000
   -4.110   -0.351    4.669    4.669    7.229    9.184    9.184   13.527
            0.375000  0.375000  0.375000
   -4.286   -0.040    4.709    4.709    7.274    9.214    9.214   13.547
            0.350000  0.350000  0.350000
   -4.468    0.304    4.757    4.757    7.330    9.242    9.242   13.517
            0.325000  0.325000  0.325000
   -4.648    0.676    4.813    4.813    7.395    9.264    9.264   13.378
            0.300000  0.300000  0.300000
   -4.821    1.069    4.877    4.877    7.468    9.274    9.274   13.104
            0.275000  0.275000  0.275000
   -4.986    1.481    4.949    4.949    7.550    9.264    9.264   12.738
            0.250000  0.250000  0.250000
   -5.141    1.908    5.028    5.028    7.639    9.231    9.231   12.327
            0.225000  0.225000  0.225000
   -5.283    2.348    5.113    5.113    7.733    9.169    9.169   11.894
            0.200000  0.200000  0.200000
   -5.412    2.798    5.203    5.203    7.832    9.081    9.081   11.450
            0.175000  0.175000  0.175000
   -5.527    3.255    5.297    5.297    7.933    8.970    8.970   11.001
            0.150000  0.150000  0.150000
   -5.628    3.715    5.391    5.391    8.033    8.844    8.844   10.550
            0.125000  0.125000  0.125000
   -5.713    4.172    5.484    5.484    8.128    8.712    8.712   10.102
            0.100000  0.100000  0.100000
   -5.784    4.616    5.571    5.571    8.214    8.585    8.585    9.668
            0.075000  0.075000  0.075000
   -5.839    5.034    5.647    5.647    8.283    8.472    8.472    9.264
            0.050000  0.050000  0.050000
   -5.878    5.398    5.708    5.708    8.325    8.382    8.382    8.922
            0.025000  0.025000  0.025000
   -5.902    5.661    5.747    5.747    8.324    8.325    8.325    8.700
            0.000000  0.000000  0.000000
   -5.910    5.761    5.761    5.761    8.305    8.305    8.305    8.633
            0.033333  0.000000  0.000000
   -5.905    5.724    5.741    5.741    8.293    8.331    8.331    8.669
            0.066667  0.000000  0.000000
   -5.891    5.620    5.683    5.683    8.259    8.405    8.405    8.771
            0.100000  0.000000  0.000000
   -5.868    5.460    5.595    5.595    8.204    8.523    8.523    8.925
            0.133333  0.000000  0.000000
   -5.835    5.260    5.482    5.482    8.130    8.676    8.676    9.112
            0.166667  0.000000  0.000000
   -5.793    5.030    5.353    5.353    8.042    8.857    8.857    9.317
            0.200000  0.000000  0.000000
   -5.742    4.781    5.213    5.213    7.942    9.060    9.060    9.521
            0.233333  0.000000  0.000000
   -5.681    4.518    5.067    5.067    7.833    9.280    9.280    9.702
            0.266667  0.000000  0.000000
   -5.611    4.245    4.918    4.918    7.718    9.514    9.514    9.835
            0.300000  0.000000  0.000000
   -5.532    3.966    4.769    4.769    7.600    9.760    9.760    9.892
            0.333333  0.000000  0.000000
   -5.444    3.683    4.621    4.621    7.481    9.856   10.014   10.014
            0.366667  0.000000  0.000000
   -5.346    3.396    4.477    4.477    7.364    9.739   10.276   10.276
            0.400000  0.000000  0.000000
   -5.240    3.106    4.337    4.337    7.249    9.563   10.544   10.544
            0.433333  0.000000  0.000000
   -5.125    2.816    4.202    4.202    7.137    9.353   10.818   10.818
            0.466667  0.000000  0.000000
   -5.001    2.524    4.073    4.073    7.032    9.127   11.096   11.096
            0.500000  0.000000  0.000000
   -4.868    2.233    3.950    3.950    6.932    8.894   11.378   11.378
            0.533333  0.000000  0.000000
   -4.727    1.941    3.833    3.833    6.839    8.662   11.664   11.664
            0.566667  0.000000  0.000000
   -4.577    1.650    3.724    3.724    6.754    8.436   11.953   11.953
            0.600000  0.000000  0.000000
   -4.418    1.360    3.622    3.622    6.677    8.217   12.245   12.245
            0.633333  0.000000  0.000000
   -4.251    1.071    3.527    3.527    6.608    8.009   12.539   12.539
            0.666667  0.000000  0.000000
   -4.077    0.783    3.440    3.440    6.550    7.812   12.836   12.836
            0.700000  0.000000  0.000000
   -3.894    0.498    3.361    3.361    6.501    7.627   13.135   13.135
            0.733333  0.000000  0.000000
   -3.703    0.215    3.290    3.290    6.462    7.454   13.435   13.435
            0.766667  0.000000  0.000000
   -3.505   -0.066    3.227    3.227    6.433    7.295   13.737   13.737
            0.800000  0.000000  0.000000
   -3.299   -0.343    3.172    3.172    6.416    7.149   14.039   14.039
            0.833333  0.000000  0.000000
   -3.086   -0.617    3.126    3.126    6.409    7.017   14.340   14.340
            0.866667  0.000000  0.000000
   -2.866   -0.887    3.088    3.088    6.414    6.898   14.638   14.638
            0.900000  0.000000  0.000000
   -2.639   -1.153    3.058    3.058    6.431    6.792   14.927   14.927
            0.933333  0.000000  0.000000
   -2.406   -1.414    3.037    3.037    6.460    6.700   15.194   15.194
            0.966667  0.000000  0.000000
   -2.167   -1.670    3.024    3.024    6.501    6.621   15.408   15.408
            1.000000  0.000000  0.000000
   -1.921   -1.921    3.020    3.020    6.555    6.555   15.498   15.498
            1.000000  0.025000  0.025000
   -1.924   -1.916    2.985    3.024    6.560    6.607   15.445   15.465
            1.000000  0.050000  0.050000
   -1.932   -1.898    2.887    3.037    6.574    6.759   15.298   15.373
            1.000000  0.075000  0.075000
   -1.945   -1.870    2.743    3.058    6.598    6.994   15.083   15.230
            1.000000  0.100000  0.100000
   -1.966   -1.829    2.571    3.087    6.632    7.295   14.826   15.051
            1.000000  0.125000  0.125000
   -1.995   -1.777    2.387    3.125    6.675    7.647   14.544   14.846
            1.000000  0.150000  0.150000
   -2.035   -1.714    2.205    3.170    6.727    8.038   14.248   14.624
            1.000000  0.175000  0.175000
   -2.087   -1.640    2.034    3.224    6.789    8.459   13.946   14.391
            1.000000  0.200000  0.200000
   -2.154   -1.553    1.883    3.285    6.859    8.906   13.643   14.153
            1.000000  0.225000  0.225000
   -2.237   -1.456    1.756    3.354    6.938    9.373   13.341   13.901
            1.000000  0.250000  0.250000
   -2.337   -1.347    1.658    3.430    7.025    9.856   13.042   13.579
            0.966667  0.241667  0.241667
   -2.339   -1.349    1.700    3.408    7.000    9.699   13.075   13.402
            0.933333  0.233333  0.233333
   -2.420   -1.276    1.769    3.394    6.988    9.555   13.007   13.182
            0.900000  0.225000  0.225000
   -2.557   -1.145    1.859    3.389    6.987    9.426   12.890   12.963
            0.866667  0.216667  0.216667
   -2.728   -0.977    1.969    3.393    6.997    9.311   12.745   12.752
            0.833333  0.208333  0.208333
   -2.916   -0.784    2.096    3.406    7.017    9.213   12.529   12.605
            0.800000  0.200000  0.200000
   -3.113   -0.576    2.236    3.428    7.048    9.131   12.314   12.455
            0.766667  0.191667  0.191667
   -3.312   -0.354    2.387    3.459    7.086    9.069   12.102   12.303
            0.733333  0.183333  0.183333
   -3.510   -0.122    2.548    3.499    7.131    9.027   11.893   12.152
            0.700000  0.175000  0.175000
   -3.706    0.120    2.718    3.548    7.181    9.006   11.686   11.999
            0.666667  0.166667  0.166667
   -3.897    0.370    2.893    3.606    7.235    9.009   11.482   11.845
            0.633333  0.158333  0.158333
   -4.082    0.628    3.074    3.673    7.289    9.037   11.282   11.688
            0.600000  0.150000  0.150000
   -4.260    0.894    3.258    3.749    7.344    9.089   11.087   11.527
            0.566667  0.141667  0.141667
   -4.432    1.167    3.445    3.834    7.397    9.165   10.897   11.360
            0.533333  0.133333  0.133333
   -4.595    1.447    3.633    3.927    7.449    9.259   10.718   11.185
            0.500000  0.125000  0.125000
   -4.750    1.733    3.821    4.028    7.501    9.365   10.553   11.001
            0.466667  0.116667  0.116667
   -4.896    2.026    4.008    4.137    7.553    9.465   10.415   10.808
            0.433333  0.108333  0.108333
   -5.033    2.325    4.193    4.254    7.606    9.532   10.326   10.605
            0.400000  0.100000  0.100000
   -5.161    2.628    4.375    4.377    7.661    9.530   10.311   10.393
            0.366667  0.091667  0.091667
   -5.279    2.937    4.508    4.553    7.719    9.457   10.174   10.355
            0.333333  0.083333  0.083333
   -5.387    3.249    4.643    4.725    7.781    9.341    9.949   10.402
            0.300000  0.075000  0.075000
   -5.486    3.563    4.783    4.890    7.846    9.208    9.723   10.390
            0.266667  0.066667  0.066667
   -5.574    3.879    4.927    5.047    7.914    9.069    9.497   10.278
            0.233333  0.058333  0.058333
   -5.653    4.194    5.071    5.194    7.984    8.933    9.275   10.074
            0.200000  0.050000  0.050000
   -5.721    4.505    5.214    5.330    8.053    8.803    9.061    9.814
            0.166667  0.041667  0.041667
   -5.778    4.807    5.352    5.451    8.119    8.682    8.862    9.532
            0.133333  0.033333  0.033333
   -5.826    5.092    5.481    5.557    8.180    8.573    8.681    9.253
            0.100000  0.025000  0.025000
   -5.863    5.351    5.593    5.643    8.232    8.477    8.527    9.000
            0.066667  0.016667  0.016667
   -5.889    5.564    5.682    5.707    8.272    8.394    8.408    8.800
            0.033333  0.008333  0.008333
   -5.905    5.709    5.740    5.747    8.296    8.331    8.331    8.675
            0.000000  0.000000  0.000000
   -5.910    5.761    5.761    5.761    8.305    8.305    8.305    8.633
