 &plot nbnd=  10, nks=    51 /
            0.500000  0.288675  0.000000
  -13.398  -12.370   -5.540   -1.464    2.588    8.330   11.439   11.540   13.870   14.801
            0.475000  0.274241  0.000000
  -13.628  -12.119   -5.525   -1.559    2.707    8.337   10.721   12.290   13.540   15.134
            0.450000  0.259808  0.000000
  -14.057  -11.623   -5.481   -1.817    3.033    8.359    9.990   12.975   13.114   15.160
            0.425000  0.245374  0.000000
  -14.516  -11.056   -5.408   -2.177    3.508    8.392    9.298   12.386   13.952   14.543
            0.400000  0.230940  0.000000
  -14.966  -10.454   -5.306   -2.590    4.078    8.413    8.671   11.807   13.929   14.811
            0.375000  0.216506  0.000000
  -15.398   -9.829   -5.177   -3.022    4.708    7.990    8.537   11.251   13.363   15.610
            0.350000  0.202073  0.000000
  -15.807   -9.187   -5.021   -3.455    5.376    7.418    8.604   10.722   12.825   16.278
            0.325000  0.187639  0.000000
  -16.192   -8.533   -4.839   -3.876    6.066    6.877    8.688   10.223   12.321   16.662
            0.300000  0.173205  0.000000
  -16.551   -7.872   -4.635   -4.279    6.375    6.763    8.780    9.760   11.852   16.057
            0.275000  0.158771  0.000000
  -16.883   -7.207   -4.657   -4.409    5.912    7.454    8.876    9.335   11.420   15.201
            0.250000  0.144338  0.000000
  -17.188   -6.544   -5.009   -4.166    5.489    8.111    8.971    8.972   11.024   14.359
            0.225000  0.129904  0.000000
  -17.465   -5.889   -5.332   -3.909    5.106    8.431    8.960    9.062   10.668   13.543
            0.200000  0.115470  0.000000
  -17.713   -5.624   -5.251   -3.642    4.763    8.184    9.141    9.523   10.351   12.765
            0.175000  0.101036  0.000000
  -17.933   -5.883   -4.637   -3.372    4.460    7.911    9.200   10.075   10.111   12.035
            0.150000  0.086603  0.000000
  -18.124   -6.110   -4.060   -3.106    4.197    7.665    9.233    9.843   10.659   11.365
            0.125000  0.072169  0.000000
  -18.286   -6.302   -3.531   -2.853    3.975    7.456    9.233    9.655   10.765   11.150
            0.100000  0.057735  0.000000
  -18.419   -6.461   -3.066   -2.622    3.793    7.283    9.202    9.512   10.249   11.571
            0.075000  0.043301  0.000000
  -18.522   -6.584   -2.680   -2.426    3.651    7.148    9.152    9.407    9.828   11.913
            0.050000  0.028868  0.000000
  -18.596   -6.673   -2.389   -2.275    3.550    7.052    9.105    9.329    9.517   12.166
            0.025000  0.014434  0.000000
  -18.641   -6.726   -2.208   -2.179    3.490    6.994    9.074    9.278    9.324   12.321
            0.000000  0.000000  0.000000
  -18.656   -6.743   -2.147   -2.147    3.470    6.975    9.063    9.259    9.259   12.373
            0.033333  0.000000  0.000000
  -18.636   -6.720   -2.228   -2.190    3.497    7.000    9.077    9.285    9.345   12.303
            0.066667  0.000000  0.000000
  -18.577   -6.649   -2.464   -2.320    3.577    7.078    9.120    9.360    9.589   12.098
            0.100000  0.000000  0.000000
  -18.478   -6.531   -2.831   -2.531    3.712    7.206    9.196    9.484    9.955   11.766
            0.133333  0.000000  0.000000
  -18.340   -6.367   -3.297   -2.816    3.901    7.386    9.309    9.657   10.391   11.322
            0.166667  0.000000  0.000000
  -18.164   -6.156   -3.835   -3.167    4.143    7.615    9.462    9.879   10.783   10.843
            0.200000  0.000000  0.000000
  -17.948   -5.900   -4.418   -3.573    4.440    7.895    9.657   10.150   10.169   11.266
            0.233333  0.000000  0.000000
  -17.694   -5.600   -5.028   -4.023    4.790    8.223    9.497    9.896   10.471   11.640
            0.266667  0.000000  0.000000
  -17.402   -5.648   -5.257   -4.507    5.194    8.597    8.786   10.180   10.842   11.962
            0.300000  0.000000  0.000000
  -17.072   -6.269   -5.015   -4.871    5.652    8.051    9.015   10.506   11.262   12.244
            0.333333  0.000000  0.000000
  -16.705   -6.881   -5.536   -4.447    6.163    7.305    9.473   10.872   11.731   12.498
            0.366667  0.000000  0.000000
  -16.303   -7.479   -6.063   -3.985    6.559    6.726    9.963   11.276   12.249   12.735
            0.400000  0.000000  0.000000
  -15.866   -8.058   -6.588   -3.489    5.822    7.343   10.473   11.712   12.814   12.961
            0.433333  0.000000  0.000000
  -15.395   -8.614   -7.104   -2.963    5.101    8.011   10.978   12.173   13.177   13.423
            0.466667  0.000000  0.000000
  -14.894   -9.145   -7.605   -2.412    4.403    8.730   11.434   12.649   13.383   14.070
            0.500000  0.000000  0.000000
  -14.364   -9.649   -8.084   -1.844    3.732    9.498   11.764   13.121   13.573   14.745
            0.533333  0.000000  0.000000
  -13.811  -10.124   -8.535   -1.265    3.093   10.311   11.896   13.561   13.732   15.207
            0.566667  0.000000  0.000000
  -13.244  -10.569   -8.948   -0.687    2.488   11.163   11.847   13.838   13.915   15.595
            0.600000  0.000000  0.000000
  -12.676  -10.983   -9.306   -0.123    1.921   11.721   12.039   13.853   14.104   16.170
            0.633333  0.000000  0.000000
  -12.143  -11.366   -9.579    0.413    1.393   11.606   12.895   13.747   14.069   16.206
            0.666667  0.000000  0.000000
  -11.717  -11.717   -9.695    0.906    0.906   11.560   13.522   13.522   13.936   16.149
            0.650000  0.028868  0.000000
  -12.035  -11.507   -9.548    0.462    1.340   11.613   13.224   13.391   13.981   16.182
            0.633333  0.057735  0.000000
  -12.320  -11.521   -9.137    0.062    1.704   11.776   12.901   13.045   13.524   16.263
            0.616667  0.086603  0.000000
  -12.572  -11.650   -8.579   -0.292    1.992   12.044   12.585   12.600   12.828   16.086
            0.600000  0.115470  0.000000
  -12.791  -11.811   -7.969   -0.601    2.209   11.768   12.295   12.392   12.448   15.746
            0.583333  0.144338  0.000000
  -12.976  -11.969   -7.358   -0.864    2.361   10.880   12.040   12.171   12.781   15.458
            0.566667  0.173205  0.000000
  -13.128  -12.108   -6.784   -1.079    2.463   10.055   11.827   11.945   13.157   15.222
            0.550000  0.202073  0.000000
  -13.246  -12.221   -6.281   -1.247    2.527    9.346   11.658   11.768   13.473   15.038
            0.533333  0.230940  0.000000
  -13.331  -12.303   -5.884   -1.367    2.563    8.798   11.537   11.641   13.698   14.906
            0.516667  0.259808  0.000000
  -13.381  -12.354   -5.629   -1.440    2.582    8.450   11.464   11.565   13.828   14.827
            0.500000  0.288675  0.000000
  -13.398  -12.370   -5.540   -1.464    2.588    8.330   11.439   11.540   13.870   14.801
